{
 "cells": [
  {
   "cell_type": "code",
   "execution_count": 1,
   "id": "ac9a0781",
   "metadata": {},
   "outputs": [],
   "source": [
    "import pandas as pd\n",
    "import numpy as np"
   ]
  },
  {
   "cell_type": "code",
   "execution_count": 2,
   "id": "451ffa5e",
   "metadata": {},
   "outputs": [],
   "source": [
    "df = pd.read_csv('beer.csv')  \n",
    "\n",
    "# Removing the full names of the beers, Name and Brewery since it won't influence the model\n",
    "# Removing Description since it is just plain text.\n",
    "df = df.drop( ['Beer Name (Full)', 'Description','Name','Brewery'], axis = 1)"
   ]
  },
  {
   "cell_type": "code",
   "execution_count": 3,
   "id": "2bec0c21",
   "metadata": {},
   "outputs": [
    {
     "data": {
      "text/html": [
       "<div>\n",
       "<style scoped>\n",
       "    .dataframe tbody tr th:only-of-type {\n",
       "        vertical-align: middle;\n",
       "    }\n",
       "\n",
       "    .dataframe tbody tr th {\n",
       "        vertical-align: top;\n",
       "    }\n",
       "\n",
       "    .dataframe thead th {\n",
       "        text-align: right;\n",
       "    }\n",
       "</style>\n",
       "<table border=\"1\" class=\"dataframe\">\n",
       "  <thead>\n",
       "    <tr style=\"text-align: right;\">\n",
       "      <th></th>\n",
       "      <th>ABV</th>\n",
       "      <th>Min IBU</th>\n",
       "      <th>Max IBU</th>\n",
       "      <th>Astringency</th>\n",
       "      <th>Body</th>\n",
       "      <th>Alcohol</th>\n",
       "      <th>Bitter</th>\n",
       "      <th>Sweet</th>\n",
       "      <th>Sour</th>\n",
       "      <th>Salty</th>\n",
       "      <th>Fruits</th>\n",
       "      <th>Hoppy</th>\n",
       "      <th>Spices</th>\n",
       "      <th>Malty</th>\n",
       "      <th>review_aroma</th>\n",
       "      <th>review_appearance</th>\n",
       "      <th>review_palate</th>\n",
       "      <th>review_taste</th>\n",
       "      <th>review_overall</th>\n",
       "      <th>number_of_reviews</th>\n",
       "    </tr>\n",
       "  </thead>\n",
       "  <tbody>\n",
       "    <tr>\n",
       "      <th>ABV</th>\n",
       "      <td>1.000000</td>\n",
       "      <td>0.432005</td>\n",
       "      <td>0.501037</td>\n",
       "      <td>-0.169521</td>\n",
       "      <td>0.241673</td>\n",
       "      <td>0.654908</td>\n",
       "      <td>0.067388</td>\n",
       "      <td>0.463487</td>\n",
       "      <td>0.100795</td>\n",
       "      <td>-0.120089</td>\n",
       "      <td>0.291001</td>\n",
       "      <td>-0.052596</td>\n",
       "      <td>0.191468</td>\n",
       "      <td>0.162060</td>\n",
       "      <td>0.416197</td>\n",
       "      <td>0.349139</td>\n",
       "      <td>0.392517</td>\n",
       "      <td>0.381200</td>\n",
       "      <td>0.251838</td>\n",
       "      <td>0.142176</td>\n",
       "    </tr>\n",
       "    <tr>\n",
       "      <th>Min IBU</th>\n",
       "      <td>0.432005</td>\n",
       "      <td>1.000000</td>\n",
       "      <td>0.854248</td>\n",
       "      <td>-0.071501</td>\n",
       "      <td>0.325338</td>\n",
       "      <td>0.323694</td>\n",
       "      <td>0.539452</td>\n",
       "      <td>0.227139</td>\n",
       "      <td>-0.073098</td>\n",
       "      <td>-0.057512</td>\n",
       "      <td>0.066335</td>\n",
       "      <td>0.407475</td>\n",
       "      <td>-0.046152</td>\n",
       "      <td>0.300041</td>\n",
       "      <td>0.343730</td>\n",
       "      <td>0.380908</td>\n",
       "      <td>0.352723</td>\n",
       "      <td>0.339885</td>\n",
       "      <td>0.289972</td>\n",
       "      <td>0.219822</td>\n",
       "    </tr>\n",
       "    <tr>\n",
       "      <th>Max IBU</th>\n",
       "      <td>0.501037</td>\n",
       "      <td>0.854248</td>\n",
       "      <td>1.000000</td>\n",
       "      <td>-0.120273</td>\n",
       "      <td>0.310617</td>\n",
       "      <td>0.392811</td>\n",
       "      <td>0.478080</td>\n",
       "      <td>0.277292</td>\n",
       "      <td>-0.043275</td>\n",
       "      <td>-0.083214</td>\n",
       "      <td>0.172929</td>\n",
       "      <td>0.345168</td>\n",
       "      <td>0.044533</td>\n",
       "      <td>0.288219</td>\n",
       "      <td>0.369456</td>\n",
       "      <td>0.379655</td>\n",
       "      <td>0.355608</td>\n",
       "      <td>0.346557</td>\n",
       "      <td>0.271969</td>\n",
       "      <td>0.221572</td>\n",
       "    </tr>\n",
       "    <tr>\n",
       "      <th>Astringency</th>\n",
       "      <td>-0.169521</td>\n",
       "      <td>-0.071501</td>\n",
       "      <td>-0.120273</td>\n",
       "      <td>1.000000</td>\n",
       "      <td>-0.059540</td>\n",
       "      <td>-0.171987</td>\n",
       "      <td>0.114686</td>\n",
       "      <td>-0.021456</td>\n",
       "      <td>0.571030</td>\n",
       "      <td>0.347155</td>\n",
       "      <td>0.345232</td>\n",
       "      <td>0.330951</td>\n",
       "      <td>-0.083795</td>\n",
       "      <td>-0.082085</td>\n",
       "      <td>0.068579</td>\n",
       "      <td>0.070948</td>\n",
       "      <td>0.106950</td>\n",
       "      <td>0.092021</td>\n",
       "      <td>0.159788</td>\n",
       "      <td>-0.050062</td>\n",
       "    </tr>\n",
       "    <tr>\n",
       "      <th>Body</th>\n",
       "      <td>0.241673</td>\n",
       "      <td>0.325338</td>\n",
       "      <td>0.310617</td>\n",
       "      <td>-0.059540</td>\n",
       "      <td>1.000000</td>\n",
       "      <td>0.268885</td>\n",
       "      <td>0.542236</td>\n",
       "      <td>0.458842</td>\n",
       "      <td>-0.126733</td>\n",
       "      <td>-0.099277</td>\n",
       "      <td>-0.048155</td>\n",
       "      <td>0.070138</td>\n",
       "      <td>0.185123</td>\n",
       "      <td>0.754228</td>\n",
       "      <td>0.360234</td>\n",
       "      <td>0.421331</td>\n",
       "      <td>0.345270</td>\n",
       "      <td>0.365055</td>\n",
       "      <td>0.313824</td>\n",
       "      <td>0.039057</td>\n",
       "    </tr>\n",
       "    <tr>\n",
       "      <th>Alcohol</th>\n",
       "      <td>0.654908</td>\n",
       "      <td>0.323694</td>\n",
       "      <td>0.392811</td>\n",
       "      <td>-0.171987</td>\n",
       "      <td>0.268885</td>\n",
       "      <td>1.000000</td>\n",
       "      <td>0.009088</td>\n",
       "      <td>0.527039</td>\n",
       "      <td>0.048767</td>\n",
       "      <td>-0.094329</td>\n",
       "      <td>0.254299</td>\n",
       "      <td>-0.079949</td>\n",
       "      <td>0.252876</td>\n",
       "      <td>0.270106</td>\n",
       "      <td>0.242989</td>\n",
       "      <td>0.184693</td>\n",
       "      <td>0.205569</td>\n",
       "      <td>0.206701</td>\n",
       "      <td>0.069789</td>\n",
       "      <td>0.048346</td>\n",
       "    </tr>\n",
       "    <tr>\n",
       "      <th>Bitter</th>\n",
       "      <td>0.067388</td>\n",
       "      <td>0.539452</td>\n",
       "      <td>0.478080</td>\n",
       "      <td>0.114686</td>\n",
       "      <td>0.542236</td>\n",
       "      <td>0.009088</td>\n",
       "      <td>1.000000</td>\n",
       "      <td>0.091705</td>\n",
       "      <td>-0.136914</td>\n",
       "      <td>0.004693</td>\n",
       "      <td>-0.093450</td>\n",
       "      <td>0.712887</td>\n",
       "      <td>-0.084048</td>\n",
       "      <td>0.565570</td>\n",
       "      <td>0.241457</td>\n",
       "      <td>0.331854</td>\n",
       "      <td>0.257267</td>\n",
       "      <td>0.253373</td>\n",
       "      <td>0.260874</td>\n",
       "      <td>0.112026</td>\n",
       "    </tr>\n",
       "    <tr>\n",
       "      <th>Sweet</th>\n",
       "      <td>0.463487</td>\n",
       "      <td>0.227139</td>\n",
       "      <td>0.277292</td>\n",
       "      <td>-0.021456</td>\n",
       "      <td>0.458842</td>\n",
       "      <td>0.527039</td>\n",
       "      <td>0.091705</td>\n",
       "      <td>1.000000</td>\n",
       "      <td>0.257913</td>\n",
       "      <td>-0.131918</td>\n",
       "      <td>0.482030</td>\n",
       "      <td>-0.034327</td>\n",
       "      <td>0.107548</td>\n",
       "      <td>0.471032</td>\n",
       "      <td>0.356514</td>\n",
       "      <td>0.332311</td>\n",
       "      <td>0.315767</td>\n",
       "      <td>0.322277</td>\n",
       "      <td>0.207293</td>\n",
       "      <td>0.048487</td>\n",
       "    </tr>\n",
       "    <tr>\n",
       "      <th>Sour</th>\n",
       "      <td>0.100795</td>\n",
       "      <td>-0.073098</td>\n",
       "      <td>-0.043275</td>\n",
       "      <td>0.571030</td>\n",
       "      <td>-0.126733</td>\n",
       "      <td>0.048767</td>\n",
       "      <td>-0.136914</td>\n",
       "      <td>0.257913</td>\n",
       "      <td>1.000000</td>\n",
       "      <td>0.098173</td>\n",
       "      <td>0.785883</td>\n",
       "      <td>0.068895</td>\n",
       "      <td>0.001831</td>\n",
       "      <td>-0.303266</td>\n",
       "      <td>0.289320</td>\n",
       "      <td>0.204817</td>\n",
       "      <td>0.245169</td>\n",
       "      <td>0.244314</td>\n",
       "      <td>0.213449</td>\n",
       "      <td>0.006642</td>\n",
       "    </tr>\n",
       "    <tr>\n",
       "      <th>Salty</th>\n",
       "      <td>-0.120089</td>\n",
       "      <td>-0.057512</td>\n",
       "      <td>-0.083214</td>\n",
       "      <td>0.347155</td>\n",
       "      <td>-0.099277</td>\n",
       "      <td>-0.094329</td>\n",
       "      <td>0.004693</td>\n",
       "      <td>-0.131918</td>\n",
       "      <td>0.098173</td>\n",
       "      <td>1.000000</td>\n",
       "      <td>0.026920</td>\n",
       "      <td>0.172606</td>\n",
       "      <td>-0.023079</td>\n",
       "      <td>-0.028241</td>\n",
       "      <td>-0.088210</td>\n",
       "      <td>-0.081388</td>\n",
       "      <td>-0.038413</td>\n",
       "      <td>-0.057479</td>\n",
       "      <td>-0.008199</td>\n",
       "      <td>-0.029680</td>\n",
       "    </tr>\n",
       "    <tr>\n",
       "      <th>Fruits</th>\n",
       "      <td>0.291001</td>\n",
       "      <td>0.066335</td>\n",
       "      <td>0.172929</td>\n",
       "      <td>0.345232</td>\n",
       "      <td>-0.048155</td>\n",
       "      <td>0.254299</td>\n",
       "      <td>-0.093450</td>\n",
       "      <td>0.482030</td>\n",
       "      <td>0.785883</td>\n",
       "      <td>0.026920</td>\n",
       "      <td>1.000000</td>\n",
       "      <td>0.110407</td>\n",
       "      <td>0.148281</td>\n",
       "      <td>-0.196890</td>\n",
       "      <td>0.386676</td>\n",
       "      <td>0.288594</td>\n",
       "      <td>0.324906</td>\n",
       "      <td>0.319690</td>\n",
       "      <td>0.261504</td>\n",
       "      <td>0.106223</td>\n",
       "    </tr>\n",
       "    <tr>\n",
       "      <th>Hoppy</th>\n",
       "      <td>-0.052596</td>\n",
       "      <td>0.407475</td>\n",
       "      <td>0.345168</td>\n",
       "      <td>0.330951</td>\n",
       "      <td>0.070138</td>\n",
       "      <td>-0.079949</td>\n",
       "      <td>0.712887</td>\n",
       "      <td>-0.034327</td>\n",
       "      <td>0.068895</td>\n",
       "      <td>0.172606</td>\n",
       "      <td>0.110407</td>\n",
       "      <td>1.000000</td>\n",
       "      <td>-0.131964</td>\n",
       "      <td>0.195767</td>\n",
       "      <td>0.099832</td>\n",
       "      <td>0.180224</td>\n",
       "      <td>0.159859</td>\n",
       "      <td>0.125560</td>\n",
       "      <td>0.175071</td>\n",
       "      <td>0.093800</td>\n",
       "    </tr>\n",
       "    <tr>\n",
       "      <th>Spices</th>\n",
       "      <td>0.191468</td>\n",
       "      <td>-0.046152</td>\n",
       "      <td>0.044533</td>\n",
       "      <td>-0.083795</td>\n",
       "      <td>0.185123</td>\n",
       "      <td>0.252876</td>\n",
       "      <td>-0.084048</td>\n",
       "      <td>0.107548</td>\n",
       "      <td>0.001831</td>\n",
       "      <td>-0.023079</td>\n",
       "      <td>0.148281</td>\n",
       "      <td>-0.131964</td>\n",
       "      <td>1.000000</td>\n",
       "      <td>0.061399</td>\n",
       "      <td>0.272312</td>\n",
       "      <td>0.196014</td>\n",
       "      <td>0.199024</td>\n",
       "      <td>0.217365</td>\n",
       "      <td>0.141125</td>\n",
       "      <td>-0.014847</td>\n",
       "    </tr>\n",
       "    <tr>\n",
       "      <th>Malty</th>\n",
       "      <td>0.162060</td>\n",
       "      <td>0.300041</td>\n",
       "      <td>0.288219</td>\n",
       "      <td>-0.082085</td>\n",
       "      <td>0.754228</td>\n",
       "      <td>0.270106</td>\n",
       "      <td>0.565570</td>\n",
       "      <td>0.471032</td>\n",
       "      <td>-0.303266</td>\n",
       "      <td>-0.028241</td>\n",
       "      <td>-0.196890</td>\n",
       "      <td>0.195767</td>\n",
       "      <td>0.061399</td>\n",
       "      <td>1.000000</td>\n",
       "      <td>0.205665</td>\n",
       "      <td>0.288089</td>\n",
       "      <td>0.231032</td>\n",
       "      <td>0.236624</td>\n",
       "      <td>0.212990</td>\n",
       "      <td>0.006598</td>\n",
       "    </tr>\n",
       "    <tr>\n",
       "      <th>review_aroma</th>\n",
       "      <td>0.416197</td>\n",
       "      <td>0.343730</td>\n",
       "      <td>0.369456</td>\n",
       "      <td>0.068579</td>\n",
       "      <td>0.360234</td>\n",
       "      <td>0.242989</td>\n",
       "      <td>0.241457</td>\n",
       "      <td>0.356514</td>\n",
       "      <td>0.289320</td>\n",
       "      <td>-0.088210</td>\n",
       "      <td>0.386676</td>\n",
       "      <td>0.099832</td>\n",
       "      <td>0.272312</td>\n",
       "      <td>0.205665</td>\n",
       "      <td>1.000000</td>\n",
       "      <td>0.855629</td>\n",
       "      <td>0.907433</td>\n",
       "      <td>0.936670</td>\n",
       "      <td>0.870504</td>\n",
       "      <td>0.174033</td>\n",
       "    </tr>\n",
       "    <tr>\n",
       "      <th>review_appearance</th>\n",
       "      <td>0.349139</td>\n",
       "      <td>0.380908</td>\n",
       "      <td>0.379655</td>\n",
       "      <td>0.070948</td>\n",
       "      <td>0.421331</td>\n",
       "      <td>0.184693</td>\n",
       "      <td>0.331854</td>\n",
       "      <td>0.332311</td>\n",
       "      <td>0.204817</td>\n",
       "      <td>-0.081388</td>\n",
       "      <td>0.288594</td>\n",
       "      <td>0.180224</td>\n",
       "      <td>0.196014</td>\n",
       "      <td>0.288089</td>\n",
       "      <td>0.855629</td>\n",
       "      <td>1.000000</td>\n",
       "      <td>0.869978</td>\n",
       "      <td>0.850693</td>\n",
       "      <td>0.813444</td>\n",
       "      <td>0.191213</td>\n",
       "    </tr>\n",
       "    <tr>\n",
       "      <th>review_palate</th>\n",
       "      <td>0.392517</td>\n",
       "      <td>0.352723</td>\n",
       "      <td>0.355608</td>\n",
       "      <td>0.106950</td>\n",
       "      <td>0.345270</td>\n",
       "      <td>0.205569</td>\n",
       "      <td>0.257267</td>\n",
       "      <td>0.315767</td>\n",
       "      <td>0.245169</td>\n",
       "      <td>-0.038413</td>\n",
       "      <td>0.324906</td>\n",
       "      <td>0.159859</td>\n",
       "      <td>0.199024</td>\n",
       "      <td>0.231032</td>\n",
       "      <td>0.907433</td>\n",
       "      <td>0.869978</td>\n",
       "      <td>1.000000</td>\n",
       "      <td>0.946520</td>\n",
       "      <td>0.918154</td>\n",
       "      <td>0.185631</td>\n",
       "    </tr>\n",
       "    <tr>\n",
       "      <th>review_taste</th>\n",
       "      <td>0.381200</td>\n",
       "      <td>0.339885</td>\n",
       "      <td>0.346557</td>\n",
       "      <td>0.092021</td>\n",
       "      <td>0.365055</td>\n",
       "      <td>0.206701</td>\n",
       "      <td>0.253373</td>\n",
       "      <td>0.322277</td>\n",
       "      <td>0.244314</td>\n",
       "      <td>-0.057479</td>\n",
       "      <td>0.319690</td>\n",
       "      <td>0.125560</td>\n",
       "      <td>0.217365</td>\n",
       "      <td>0.236624</td>\n",
       "      <td>0.936670</td>\n",
       "      <td>0.850693</td>\n",
       "      <td>0.946520</td>\n",
       "      <td>1.000000</td>\n",
       "      <td>0.937102</td>\n",
       "      <td>0.190588</td>\n",
       "    </tr>\n",
       "    <tr>\n",
       "      <th>review_overall</th>\n",
       "      <td>0.251838</td>\n",
       "      <td>0.289972</td>\n",
       "      <td>0.271969</td>\n",
       "      <td>0.159788</td>\n",
       "      <td>0.313824</td>\n",
       "      <td>0.069789</td>\n",
       "      <td>0.260874</td>\n",
       "      <td>0.207293</td>\n",
       "      <td>0.213449</td>\n",
       "      <td>-0.008199</td>\n",
       "      <td>0.261504</td>\n",
       "      <td>0.175071</td>\n",
       "      <td>0.141125</td>\n",
       "      <td>0.212990</td>\n",
       "      <td>0.870504</td>\n",
       "      <td>0.813444</td>\n",
       "      <td>0.918154</td>\n",
       "      <td>0.937102</td>\n",
       "      <td>1.000000</td>\n",
       "      <td>0.176511</td>\n",
       "    </tr>\n",
       "    <tr>\n",
       "      <th>number_of_reviews</th>\n",
       "      <td>0.142176</td>\n",
       "      <td>0.219822</td>\n",
       "      <td>0.221572</td>\n",
       "      <td>-0.050062</td>\n",
       "      <td>0.039057</td>\n",
       "      <td>0.048346</td>\n",
       "      <td>0.112026</td>\n",
       "      <td>0.048487</td>\n",
       "      <td>0.006642</td>\n",
       "      <td>-0.029680</td>\n",
       "      <td>0.106223</td>\n",
       "      <td>0.093800</td>\n",
       "      <td>-0.014847</td>\n",
       "      <td>0.006598</td>\n",
       "      <td>0.174033</td>\n",
       "      <td>0.191213</td>\n",
       "      <td>0.185631</td>\n",
       "      <td>0.190588</td>\n",
       "      <td>0.176511</td>\n",
       "      <td>1.000000</td>\n",
       "    </tr>\n",
       "  </tbody>\n",
       "</table>\n",
       "</div>"
      ],
      "text/plain": [
       "                        ABV   Min IBU   Max IBU  Astringency      Body  \\\n",
       "ABV                1.000000  0.432005  0.501037    -0.169521  0.241673   \n",
       "Min IBU            0.432005  1.000000  0.854248    -0.071501  0.325338   \n",
       "Max IBU            0.501037  0.854248  1.000000    -0.120273  0.310617   \n",
       "Astringency       -0.169521 -0.071501 -0.120273     1.000000 -0.059540   \n",
       "Body               0.241673  0.325338  0.310617    -0.059540  1.000000   \n",
       "Alcohol            0.654908  0.323694  0.392811    -0.171987  0.268885   \n",
       "Bitter             0.067388  0.539452  0.478080     0.114686  0.542236   \n",
       "Sweet              0.463487  0.227139  0.277292    -0.021456  0.458842   \n",
       "Sour               0.100795 -0.073098 -0.043275     0.571030 -0.126733   \n",
       "Salty             -0.120089 -0.057512 -0.083214     0.347155 -0.099277   \n",
       "Fruits             0.291001  0.066335  0.172929     0.345232 -0.048155   \n",
       "Hoppy             -0.052596  0.407475  0.345168     0.330951  0.070138   \n",
       "Spices             0.191468 -0.046152  0.044533    -0.083795  0.185123   \n",
       "Malty              0.162060  0.300041  0.288219    -0.082085  0.754228   \n",
       "review_aroma       0.416197  0.343730  0.369456     0.068579  0.360234   \n",
       "review_appearance  0.349139  0.380908  0.379655     0.070948  0.421331   \n",
       "review_palate      0.392517  0.352723  0.355608     0.106950  0.345270   \n",
       "review_taste       0.381200  0.339885  0.346557     0.092021  0.365055   \n",
       "review_overall     0.251838  0.289972  0.271969     0.159788  0.313824   \n",
       "number_of_reviews  0.142176  0.219822  0.221572    -0.050062  0.039057   \n",
       "\n",
       "                    Alcohol    Bitter     Sweet      Sour     Salty    Fruits  \\\n",
       "ABV                0.654908  0.067388  0.463487  0.100795 -0.120089  0.291001   \n",
       "Min IBU            0.323694  0.539452  0.227139 -0.073098 -0.057512  0.066335   \n",
       "Max IBU            0.392811  0.478080  0.277292 -0.043275 -0.083214  0.172929   \n",
       "Astringency       -0.171987  0.114686 -0.021456  0.571030  0.347155  0.345232   \n",
       "Body               0.268885  0.542236  0.458842 -0.126733 -0.099277 -0.048155   \n",
       "Alcohol            1.000000  0.009088  0.527039  0.048767 -0.094329  0.254299   \n",
       "Bitter             0.009088  1.000000  0.091705 -0.136914  0.004693 -0.093450   \n",
       "Sweet              0.527039  0.091705  1.000000  0.257913 -0.131918  0.482030   \n",
       "Sour               0.048767 -0.136914  0.257913  1.000000  0.098173  0.785883   \n",
       "Salty             -0.094329  0.004693 -0.131918  0.098173  1.000000  0.026920   \n",
       "Fruits             0.254299 -0.093450  0.482030  0.785883  0.026920  1.000000   \n",
       "Hoppy             -0.079949  0.712887 -0.034327  0.068895  0.172606  0.110407   \n",
       "Spices             0.252876 -0.084048  0.107548  0.001831 -0.023079  0.148281   \n",
       "Malty              0.270106  0.565570  0.471032 -0.303266 -0.028241 -0.196890   \n",
       "review_aroma       0.242989  0.241457  0.356514  0.289320 -0.088210  0.386676   \n",
       "review_appearance  0.184693  0.331854  0.332311  0.204817 -0.081388  0.288594   \n",
       "review_palate      0.205569  0.257267  0.315767  0.245169 -0.038413  0.324906   \n",
       "review_taste       0.206701  0.253373  0.322277  0.244314 -0.057479  0.319690   \n",
       "review_overall     0.069789  0.260874  0.207293  0.213449 -0.008199  0.261504   \n",
       "number_of_reviews  0.048346  0.112026  0.048487  0.006642 -0.029680  0.106223   \n",
       "\n",
       "                      Hoppy    Spices     Malty  review_aroma  \\\n",
       "ABV               -0.052596  0.191468  0.162060      0.416197   \n",
       "Min IBU            0.407475 -0.046152  0.300041      0.343730   \n",
       "Max IBU            0.345168  0.044533  0.288219      0.369456   \n",
       "Astringency        0.330951 -0.083795 -0.082085      0.068579   \n",
       "Body               0.070138  0.185123  0.754228      0.360234   \n",
       "Alcohol           -0.079949  0.252876  0.270106      0.242989   \n",
       "Bitter             0.712887 -0.084048  0.565570      0.241457   \n",
       "Sweet             -0.034327  0.107548  0.471032      0.356514   \n",
       "Sour               0.068895  0.001831 -0.303266      0.289320   \n",
       "Salty              0.172606 -0.023079 -0.028241     -0.088210   \n",
       "Fruits             0.110407  0.148281 -0.196890      0.386676   \n",
       "Hoppy              1.000000 -0.131964  0.195767      0.099832   \n",
       "Spices            -0.131964  1.000000  0.061399      0.272312   \n",
       "Malty              0.195767  0.061399  1.000000      0.205665   \n",
       "review_aroma       0.099832  0.272312  0.205665      1.000000   \n",
       "review_appearance  0.180224  0.196014  0.288089      0.855629   \n",
       "review_palate      0.159859  0.199024  0.231032      0.907433   \n",
       "review_taste       0.125560  0.217365  0.236624      0.936670   \n",
       "review_overall     0.175071  0.141125  0.212990      0.870504   \n",
       "number_of_reviews  0.093800 -0.014847  0.006598      0.174033   \n",
       "\n",
       "                   review_appearance  review_palate  review_taste  \\\n",
       "ABV                         0.349139       0.392517      0.381200   \n",
       "Min IBU                     0.380908       0.352723      0.339885   \n",
       "Max IBU                     0.379655       0.355608      0.346557   \n",
       "Astringency                 0.070948       0.106950      0.092021   \n",
       "Body                        0.421331       0.345270      0.365055   \n",
       "Alcohol                     0.184693       0.205569      0.206701   \n",
       "Bitter                      0.331854       0.257267      0.253373   \n",
       "Sweet                       0.332311       0.315767      0.322277   \n",
       "Sour                        0.204817       0.245169      0.244314   \n",
       "Salty                      -0.081388      -0.038413     -0.057479   \n",
       "Fruits                      0.288594       0.324906      0.319690   \n",
       "Hoppy                       0.180224       0.159859      0.125560   \n",
       "Spices                      0.196014       0.199024      0.217365   \n",
       "Malty                       0.288089       0.231032      0.236624   \n",
       "review_aroma                0.855629       0.907433      0.936670   \n",
       "review_appearance           1.000000       0.869978      0.850693   \n",
       "review_palate               0.869978       1.000000      0.946520   \n",
       "review_taste                0.850693       0.946520      1.000000   \n",
       "review_overall              0.813444       0.918154      0.937102   \n",
       "number_of_reviews           0.191213       0.185631      0.190588   \n",
       "\n",
       "                   review_overall  number_of_reviews  \n",
       "ABV                      0.251838           0.142176  \n",
       "Min IBU                  0.289972           0.219822  \n",
       "Max IBU                  0.271969           0.221572  \n",
       "Astringency              0.159788          -0.050062  \n",
       "Body                     0.313824           0.039057  \n",
       "Alcohol                  0.069789           0.048346  \n",
       "Bitter                   0.260874           0.112026  \n",
       "Sweet                    0.207293           0.048487  \n",
       "Sour                     0.213449           0.006642  \n",
       "Salty                   -0.008199          -0.029680  \n",
       "Fruits                   0.261504           0.106223  \n",
       "Hoppy                    0.175071           0.093800  \n",
       "Spices                   0.141125          -0.014847  \n",
       "Malty                    0.212990           0.006598  \n",
       "review_aroma             0.870504           0.174033  \n",
       "review_appearance        0.813444           0.191213  \n",
       "review_palate            0.918154           0.185631  \n",
       "review_taste             0.937102           0.190588  \n",
       "review_overall           1.000000           0.176511  \n",
       "number_of_reviews        0.176511           1.000000  "
      ]
     },
     "execution_count": 3,
     "metadata": {},
     "output_type": "execute_result"
    }
   ],
   "source": [
    "df.corr()"
   ]
  },
  {
   "cell_type": "markdown",
   "id": "cddd0b45",
   "metadata": {},
   "source": [
    "## From the correlation table we can clearly observe a high correlation between review_overall and other review_ related features which indicates the need to remove those columns because of : \n",
    "###### 1. No sense to add them to the model because review_overall is  a characterization/ mean value of all review_ features. \n",
    "###### 2. Lack of multicollinearity since the  independent variables are highly correlated with each other and with the target column."
   ]
  },
  {
   "cell_type": "code",
   "execution_count": 4,
   "id": "41825ec7",
   "metadata": {},
   "outputs": [],
   "source": [
    "#Dropping the review_ columns  \n",
    "df = df.drop( ['review_aroma', 'review_appearance','review_palate','review_taste'], axis = 1)"
   ]
  },
  {
   "cell_type": "code",
   "execution_count": 5,
   "id": "b0d99271",
   "metadata": {},
   "outputs": [],
   "source": [
    "# Initializing dummies variables for Style feature (111 Categorical data in total)\n",
    "df = pd.get_dummies(df, columns=['Style'])"
   ]
  },
  {
   "cell_type": "code",
   "execution_count": 6,
   "id": "51d8228c",
   "metadata": {},
   "outputs": [],
   "source": [
    "# Getting a copy of series of target column\n",
    "temp_target = df['review_overall']   \n",
    "\n",
    "# Removing the target column at the present position\n",
    "df.pop('review_overall')  \n",
    "\n",
    "# Adding back as the last column the column target\n",
    "df.insert(df.shape[1], 'review_overall', temp_target)"
   ]
  },
  {
   "cell_type": "code",
   "execution_count": 7,
   "id": "0a6ab30f",
   "metadata": {},
   "outputs": [
    {
     "name": "stdout",
     "output_type": "stream",
     "text": [
      "Max IBU and Min IBU : 0.854248060050787 \n",
      "Alcohol and ABV : 0.6549081323635012 \n",
      "Fruits and Sour : 0.7858825416364527 \n",
      "Hoppy and Bitter : 0.7128867533688273 \n",
      "Malty and Body : 0.7542281845837208 \n"
     ]
    }
   ],
   "source": [
    "# Parsing the correlation table and selecting the features with highest correlations\n",
    "for i in range (20):\n",
    "    for j in range(i):\n",
    "        if abs ( df.corr().values[i][j] ) > 0.6:\n",
    "            print(f'{df.columns[i]} and {df.columns[j]} : {df.corr().values[i][j]} ')"
   ]
  },
  {
   "cell_type": "markdown",
   "id": "0c154f06",
   "metadata": {},
   "source": [
    "##### 1 . The IBU  indices are expected to have the same correlation since they are describing the same 'feature' of the beer. Also, that depends on the type of beer since a beer can have the minimum IBU as another's maximum IBU.   \n",
    "##### 2. ABV, or alcohol by volume, is the standard measurement, used worldwide, to assess the strength of a particular beer.  So, basically is the same as Alcohol.\n",
    "#####  3. A strong and strange correlation between Fruits and Sour  is observed. That is actually because, essentially, \"sour beer\" refers to any beer that tastes especially acidic and lively. By including fruits like raspberry, cherry and peach, sour beers can create the perfect balance of sweet and sour flavors.   \n",
    "##### 4.   So hoppy just means you can taste and/or smell the characteristics of the hops which can be fruity, earthy, citric, floral, piney, etc based on the type of hop. It does not always mean that the beer is bitter. Eventually, the data sample is composed of bitter beers :) .\n",
    "\n",
    "##### 5. Malty and Body  is all about Dextrin malt. Dextrin malt is made from malted barley and is a type of crystal malt. It contributes BODY to beer, aids in foam retention and beer stability, and gives the beer additional smoothness and sometimes a sense of sweetness.  "
   ]
  },
  {
   "cell_type": "markdown",
   "id": "08b9217b",
   "metadata": {},
   "source": [
    "## Getting the > 0.2 correlation sample."
   ]
  },
  {
   "cell_type": "code",
   "execution_count": 8,
   "id": "a2be0cb0",
   "metadata": {},
   "outputs": [],
   "source": [
    "#initializing df's index array with highest correlations\n",
    "index_cor_arr = list()\n",
    "\n",
    "# looping untill target column's index since we do not want to include the dummy vars\n",
    "for i in range (df.shape[1]):\n",
    "    # each time assigning   val with  column's correlated value to the review_overall's index \n",
    "    val =   df.corr().values[ df.shape[1] - 1 ][i]  \n",
    "    val = abs(val) \n",
    "    #comparing the val and storing the column's indexes in a list\n",
    "    if val > 0.2:\n",
    "        index_cor_arr.append(i)     "
   ]
  },
  {
   "cell_type": "code",
   "execution_count": 9,
   "id": "4eb1e649",
   "metadata": {},
   "outputs": [
    {
     "data": {
      "text/plain": [
       "[0, 1, 2, 4, 6, 7, 8, 10, 13, 52, 58, 63, 64, 74, 126]"
      ]
     },
     "execution_count": 9,
     "metadata": {},
     "output_type": "execute_result"
    }
   ],
   "source": [
    "index_cor_arr"
   ]
  },
  {
   "cell_type": "code",
   "execution_count": 10,
   "id": "77e19c6c",
   "metadata": {},
   "outputs": [],
   "source": [
    "#Initializing a dataframe with correlated values ( corr coef is > 0.2 )  \n",
    "df2 = pd.DataFrame({  \n",
    "    \n",
    "    # The column's names are taken from df and they are being assigned the values from df too, all in a loop.  \n",
    "    f'{df.columns[ index_cor_arr[i] ] }' :  df[f'{ df.columns[ index_cor_arr[i] ] }'] for i in range ( len(index_cor_arr)  ) \n",
    "    \n",
    "            })"
   ]
  },
  {
   "cell_type": "code",
   "execution_count": 11,
   "id": "7e5cf007",
   "metadata": {},
   "outputs": [
    {
     "data": {
      "text/html": [
       "<div>\n",
       "<style scoped>\n",
       "    .dataframe tbody tr th:only-of-type {\n",
       "        vertical-align: middle;\n",
       "    }\n",
       "\n",
       "    .dataframe tbody tr th {\n",
       "        vertical-align: top;\n",
       "    }\n",
       "\n",
       "    .dataframe thead th {\n",
       "        text-align: right;\n",
       "    }\n",
       "</style>\n",
       "<table border=\"1\" class=\"dataframe\">\n",
       "  <thead>\n",
       "    <tr style=\"text-align: right;\">\n",
       "      <th></th>\n",
       "      <th>ABV</th>\n",
       "      <th>Min IBU</th>\n",
       "      <th>Max IBU</th>\n",
       "      <th>Body</th>\n",
       "      <th>Bitter</th>\n",
       "      <th>Sweet</th>\n",
       "      <th>Sour</th>\n",
       "      <th>Fruits</th>\n",
       "      <th>Malty</th>\n",
       "      <th>Style_Lager - Adjunct</th>\n",
       "      <th>Style_Lager - European Strong</th>\n",
       "      <th>Style_Lager - Light</th>\n",
       "      <th>Style_Lager - Malt Liquor</th>\n",
       "      <th>Style_Low Alcohol Beer</th>\n",
       "      <th>review_overall</th>\n",
       "    </tr>\n",
       "  </thead>\n",
       "  <tbody>\n",
       "    <tr>\n",
       "      <th>ABV</th>\n",
       "      <td>1.000000</td>\n",
       "      <td>0.432005</td>\n",
       "      <td>0.501037</td>\n",
       "      <td>0.241673</td>\n",
       "      <td>0.067388</td>\n",
       "      <td>0.463487</td>\n",
       "      <td>0.100795</td>\n",
       "      <td>0.291001</td>\n",
       "      <td>0.162060</td>\n",
       "      <td>-0.079691</td>\n",
       "      <td>0.088238</td>\n",
       "      <td>-0.113295</td>\n",
       "      <td>0.047758</td>\n",
       "      <td>-0.239565</td>\n",
       "      <td>0.251838</td>\n",
       "    </tr>\n",
       "    <tr>\n",
       "      <th>Min IBU</th>\n",
       "      <td>0.432005</td>\n",
       "      <td>1.000000</td>\n",
       "      <td>0.854248</td>\n",
       "      <td>0.325338</td>\n",
       "      <td>0.539452</td>\n",
       "      <td>0.227139</td>\n",
       "      <td>-0.073098</td>\n",
       "      <td>0.066335</td>\n",
       "      <td>0.300041</td>\n",
       "      <td>-0.118946</td>\n",
       "      <td>-0.051875</td>\n",
       "      <td>-0.112055</td>\n",
       "      <td>-0.086239</td>\n",
       "      <td>-0.084909</td>\n",
       "      <td>0.289972</td>\n",
       "    </tr>\n",
       "    <tr>\n",
       "      <th>Max IBU</th>\n",
       "      <td>0.501037</td>\n",
       "      <td>0.854248</td>\n",
       "      <td>1.000000</td>\n",
       "      <td>0.310617</td>\n",
       "      <td>0.478080</td>\n",
       "      <td>0.277292</td>\n",
       "      <td>-0.043275</td>\n",
       "      <td>0.172929</td>\n",
       "      <td>0.288219</td>\n",
       "      <td>-0.117442</td>\n",
       "      <td>0.005273</td>\n",
       "      <td>-0.142268</td>\n",
       "      <td>-0.042984</td>\n",
       "      <td>-0.089414</td>\n",
       "      <td>0.271969</td>\n",
       "    </tr>\n",
       "    <tr>\n",
       "      <th>Body</th>\n",
       "      <td>0.241673</td>\n",
       "      <td>0.325338</td>\n",
       "      <td>0.310617</td>\n",
       "      <td>1.000000</td>\n",
       "      <td>0.542236</td>\n",
       "      <td>0.458842</td>\n",
       "      <td>-0.126733</td>\n",
       "      <td>-0.048155</td>\n",
       "      <td>0.754228</td>\n",
       "      <td>-0.107445</td>\n",
       "      <td>-0.083148</td>\n",
       "      <td>-0.106101</td>\n",
       "      <td>-0.068026</td>\n",
       "      <td>-0.096184</td>\n",
       "      <td>0.313824</td>\n",
       "    </tr>\n",
       "    <tr>\n",
       "      <th>Bitter</th>\n",
       "      <td>0.067388</td>\n",
       "      <td>0.539452</td>\n",
       "      <td>0.478080</td>\n",
       "      <td>0.542236</td>\n",
       "      <td>1.000000</td>\n",
       "      <td>0.091705</td>\n",
       "      <td>-0.136914</td>\n",
       "      <td>-0.093450</td>\n",
       "      <td>0.565570</td>\n",
       "      <td>-0.091682</td>\n",
       "      <td>-0.065881</td>\n",
       "      <td>-0.088128</td>\n",
       "      <td>-0.084251</td>\n",
       "      <td>-0.054305</td>\n",
       "      <td>0.260874</td>\n",
       "    </tr>\n",
       "    <tr>\n",
       "      <th>Sweet</th>\n",
       "      <td>0.463487</td>\n",
       "      <td>0.227139</td>\n",
       "      <td>0.277292</td>\n",
       "      <td>0.458842</td>\n",
       "      <td>0.091705</td>\n",
       "      <td>1.000000</td>\n",
       "      <td>0.257913</td>\n",
       "      <td>0.482030</td>\n",
       "      <td>0.471032</td>\n",
       "      <td>-0.128066</td>\n",
       "      <td>-0.020913</td>\n",
       "      <td>-0.128473</td>\n",
       "      <td>-0.045952</td>\n",
       "      <td>-0.101637</td>\n",
       "      <td>0.207293</td>\n",
       "    </tr>\n",
       "    <tr>\n",
       "      <th>Sour</th>\n",
       "      <td>0.100795</td>\n",
       "      <td>-0.073098</td>\n",
       "      <td>-0.043275</td>\n",
       "      <td>-0.126733</td>\n",
       "      <td>-0.136914</td>\n",
       "      <td>0.257913</td>\n",
       "      <td>1.000000</td>\n",
       "      <td>0.785883</td>\n",
       "      <td>-0.303266</td>\n",
       "      <td>-0.082426</td>\n",
       "      <td>-0.047525</td>\n",
       "      <td>-0.065038</td>\n",
       "      <td>-0.050849</td>\n",
       "      <td>-0.065582</td>\n",
       "      <td>0.213449</td>\n",
       "    </tr>\n",
       "    <tr>\n",
       "      <th>Fruits</th>\n",
       "      <td>0.291001</td>\n",
       "      <td>0.066335</td>\n",
       "      <td>0.172929</td>\n",
       "      <td>-0.048155</td>\n",
       "      <td>-0.093450</td>\n",
       "      <td>0.482030</td>\n",
       "      <td>0.785883</td>\n",
       "      <td>1.000000</td>\n",
       "      <td>-0.196890</td>\n",
       "      <td>-0.114034</td>\n",
       "      <td>-0.065621</td>\n",
       "      <td>-0.087335</td>\n",
       "      <td>-0.074895</td>\n",
       "      <td>-0.087280</td>\n",
       "      <td>0.261504</td>\n",
       "    </tr>\n",
       "    <tr>\n",
       "      <th>Malty</th>\n",
       "      <td>0.162060</td>\n",
       "      <td>0.300041</td>\n",
       "      <td>0.288219</td>\n",
       "      <td>0.754228</td>\n",
       "      <td>0.565570</td>\n",
       "      <td>0.471032</td>\n",
       "      <td>-0.303266</td>\n",
       "      <td>-0.196890</td>\n",
       "      <td>1.000000</td>\n",
       "      <td>-0.104131</td>\n",
       "      <td>-0.074188</td>\n",
       "      <td>-0.099312</td>\n",
       "      <td>-0.043736</td>\n",
       "      <td>-0.077612</td>\n",
       "      <td>0.212990</td>\n",
       "    </tr>\n",
       "    <tr>\n",
       "      <th>Style_Lager - Adjunct</th>\n",
       "      <td>-0.079691</td>\n",
       "      <td>-0.118946</td>\n",
       "      <td>-0.117442</td>\n",
       "      <td>-0.107445</td>\n",
       "      <td>-0.091682</td>\n",
       "      <td>-0.128066</td>\n",
       "      <td>-0.082426</td>\n",
       "      <td>-0.114034</td>\n",
       "      <td>-0.104131</td>\n",
       "      <td>1.000000</td>\n",
