{
 "cells": [
  {
   "cell_type": "code",
   "execution_count": 1,
   "id": "ee7ae086",
   "metadata": {},
   "outputs": [],
   "source": [
    "import pandas as pd\n",
    "import numpy as np"
   ]
  },
  {
   "cell_type": "code",
   "execution_count": 2,
   "id": "d79f9706",
   "metadata": {
    "scrolled": true
   },
   "outputs": [],
   "source": [
    "df = pd.read_csv('heart.csv')  "
   ]
  },
  {
   "cell_type": "code",
   "execution_count": 3,
   "id": "1bb0b23f",
   "metadata": {},
   "outputs": [],
   "source": [
    "# Mapping categorical data  to binary classification\n",
    "df['ExerciseAngina'] = df['ExerciseAngina'].map({ 'N': 0, 'Y':1})    \n",
    "df['Sex'] = df['Sex'].map({ 'M': 0, 'F':1})  \n",
    "\n",
    "# Dummies for categorical data\n",
    "df = pd.get_dummies(df, columns=['ChestPainType','RestingECG','ST_Slope'])"
   ]
  },
  {
   "cell_type": "code",
   "execution_count": 4,
   "id": "58a026c7",
   "metadata": {},
   "outputs": [],
   "source": [
    "\"\"\" \n",
    "    Positioning the dependent column as the last column.\n",
    "\"\"\"\n",
    "# Getting a copy of series of target column\n",
    "temp_target = df['HeartDisease']   \n",
    "\n",
    "# Removing the target column at the present position\n",
    "df.pop('HeartDisease')  \n",
    "\n",
    "# Adding back  the column target as the last column\n",
    "df.insert(df.shape[1], 'HeartDisease', temp_target)"
   ]
  },
  {
   "cell_type": "code",
   "execution_count": 5,
   "id": "86b2c05c",
   "metadata": {
    "scrolled": true
   },
   "outputs": [
    {
     "data": {
      "text/html": [
       "<div>\n",
       "<style scoped>\n",
       "    .dataframe tbody tr th:only-of-type {\n",
       "        vertical-align: middle;\n",
       "    }\n",
       "\n",
       "    .dataframe tbody tr th {\n",
       "        vertical-align: top;\n",
       "    }\n",
       "\n",
       "    .dataframe thead th {\n",
       "        text-align: right;\n",
       "    }\n",
       "</style>\n",
       "<table border=\"1\" class=\"dataframe\">\n",
       "  <thead>\n",
       "    <tr style=\"text-align: right;\">\n",
       "      <th></th>\n",
       "      <th>Age</th>\n",
       "      <th>Sex</th>\n",
       "      <th>RestingBP</th>\n",
       "      <th>Cholesterol</th>\n",
       "      <th>FastingBS</th>\n",
       "      <th>MaxHR</th>\n",
       "      <th>ExerciseAngina</th>\n",
       "      <th>Oldpeak</th>\n",
       "      <th>ChestPainType_ASY</th>\n",
       "      <th>ChestPainType_ATA</th>\n",
       "      <th>ChestPainType_NAP</th>\n",
       "      <th>ChestPainType_TA</th>\n",
       "      <th>RestingECG_LVH</th>\n",
       "      <th>RestingECG_Normal</th>\n",
       "      <th>RestingECG_ST</th>\n",
       "      <th>ST_Slope_Down</th>\n",
       "      <th>ST_Slope_Flat</th>\n",
       "      <th>ST_Slope_Up</th>\n",
       "      <th>HeartDisease</th>\n",
       "    </tr>\n",
       "  </thead>\n",
       "  <tbody>\n",
       "    <tr>\n",
       "      <th>Age</th>\n",
       "      <td>1.000000</td>\n",
       "      <td>0.055750</td>\n",
       "      <td>0.254399</td>\n",
       "      <td>0.095282</td>\n",
       "      <td>0.198039</td>\n",
       "      <td>0.382045</td>\n",
       "      <td>0.215793</td>\n",
       "      <td>0.258612</td>\n",
       "      <td>0.166607</td>\n",
       "      <td>0.218165</td>\n",
       "      <td>0.011335</td>\n",
       "      <td>0.032042</td>\n",
       "      <td>0.145727</td>\n",
       "      <td>0.230566</td>\n",
       "      <td>0.136798</td>\n",
       "      <td>0.138397</td>\n",
       "      <td>0.185568</td>\n",
       "      <td>0.258067</td>\n",
       "      <td>0.282039</td>\n",
       "    </tr>\n",
       "    <tr>\n",
       "      <th>Sex</th>\n",
       "      <td>0.055750</td>\n",
       "      <td>1.000000</td>\n",
       "      <td>0.005133</td>\n",
       "      <td>0.200092</td>\n",
       "      <td>0.120076</td>\n",
       "      <td>0.189186</td>\n",
       "      <td>0.190664</td>\n",
       "      <td>0.105734</td>\n",
       "      <td>0.183876</td>\n",
       "      <td>0.161522</td>\n",
       "      <td>0.066486</td>\n",
       "      <td>0.004031</td>\n",
       "      <td>0.049518</td>\n",
       "      <td>0.010634</td>\n",
       "      <td>0.063715</td>\n",
       "      <td>0.066036</td>\n",
       "      <td>0.116077</td>\n",
       "      <td>0.150942</td>\n",
       "      <td>0.305445</td>\n",
       "    </tr>\n",
       "    <tr>\n",
       "      <th>RestingBP</th>\n",
       "      <td>0.254399</td>\n",
       "      <td>0.005133</td>\n",
       "      <td>1.000000</td>\n",
       "      <td>0.100893</td>\n",
       "      <td>0.070193</td>\n",
       "      <td>0.112135</td>\n",
       "      <td>0.155101</td>\n",
       "      <td>0.164803</td>\n",
       "      <td>0.048824</td>\n",
       "      <td>0.046153</td>\n",
       "      <td>0.041348</td>\n",
       "      <td>0.049855</td>\n",
       "      <td>0.053166</td>\n",
       "      <td>0.116851</td>\n",
       "      <td>0.090447</td>\n",
       "      <td>0.007912</td>\n",
       "      <td>0.099207</td>\n",
       "      <td>0.096146</td>\n",
       "      <td>0.107589</td>\n",
       "    </tr>\n",
       "    <tr>\n",
       "      <th>Cholesterol</th>\n",
       "      <td>0.095282</td>\n",
       "      <td>0.200092</td>\n",
       "      <td>0.100893</td>\n",
       "      <td>1.000000</td>\n",
       "      <td>0.260974</td>\n",
       "      <td>0.235792</td>\n",
       "      <td>0.034166</td>\n",
       "      <td>0.050148</td>\n",
       "      <td>0.120531</td>\n",
       "      <td>0.150954</td>\n",
       "      <td>0.006634</td>\n",
       "      <td>0.017365</td>\n",
       "      <td>0.177077</td>\n",
       "      <td>0.038470</td>\n",
       "      <td>0.133106</td>\n",
       "      <td>0.083371</td>\n",
       "      <td>0.050953</td>\n",
       "      <td>0.094027</td>\n",
       "      <td>0.232741</td>\n",
       "    </tr>\n",
       "    <tr>\n",
       "      <th>FastingBS</th>\n",
       "      <td>0.198039</td>\n",
       "      <td>0.120076</td>\n",
       "      <td>0.070193</td>\n",
       "      <td>0.260974</td>\n",
       "      <td>1.000000</td>\n",
       "      <td>0.131438</td>\n",
       "      <td>0.060451</td>\n",
       "      <td>0.052698</td>\n",
       "      <td>0.131176</td>\n",
       "      <td>0.140514</td>\n",
       "      <td>0.039249</td>\n",
       "      <td>0.026885</td>\n",
       "      <td>0.011656</td>\n",
       "      <td>0.093028</td>\n",
       "      <td>0.127110</td>\n",
       "      <td>0.105102</td>\n",
       "      <td>0.107006</td>\n",
       "      <td>0.161730</td>\n",
       "      <td>0.267291</td>\n",
       "    </tr>\n",
       "    <tr>\n",
       "      <th>MaxHR</th>\n",
       "      <td>0.382045</td>\n",
       "      <td>0.189186</td>\n",
       "      <td>0.112135</td>\n",
       "      <td>0.235792</td>\n",
       "      <td>0.131438</td>\n",
       "      <td>1.000000</td>\n",
       "      <td>0.370425</td>\n",
       "      <td>0.160691</td>\n",
       "      <td>0.354963</td>\n",
       "      <td>0.253735</td>\n",
       "      <td>0.134580</td>\n",
       "      <td>0.100025</td>\n",
       "      <td>0.125793</td>\n",
       "      <td>0.023801</td>\n",
       "      <td>0.157879</td>\n",
       "      <td>0.073316</td>\n",
       "      <td>0.342581</td>\n",
       "      <td>0.383397</td>\n",
       "      <td>0.400421</td>\n",
       "    </tr>\n",
       "    <tr>\n",
       "      <th>ExerciseAngina</th>\n",
       "      <td>0.215793</td>\n",
       "      <td>0.190664</td>\n",
       "      <td>0.155101</td>\n",
       "      <td>0.034166</td>\n",
       "      <td>0.060451</td>\n",
       "      <td>0.370425</td>\n",
       "      <td>1.000000</td>\n",
       "      <td>0.408752</td>\n",
       "      <td>0.430034</td>\n",
       "      <td>0.300365</td>\n",
       "      <td>0.166030</td>\n",
       "      <td>0.128105</td>\n",
       "      <td>0.016382</td>\n",
       "      <td>0.072924</td>\n",
       "      <td>0.107036</td>\n",
       "      <td>0.136439</td>\n",
       "      <td>0.382237</td>\n",
       "      <td>0.455676</td>\n",
       "      <td>0.494282</td>\n",
       "    </tr>\n",
       "    <tr>\n",
       "      <th>Oldpeak</th>\n",
       "      <td>0.258612</td>\n",
       "      <td>0.105734</td>\n",
       "      <td>0.164803</td>\n",
       "      <td>0.050148</td>\n",
       "      <td>0.052698</td>\n",
       "      <td>0.160691</td>\n",
       "      <td>0.408752</td>\n",
       "      <td>1.000000</td>\n",
       "      <td>0.280026</td>\n",
       "      <td>0.262124</td>\n",
       "      <td>0.106212</td>\n",
       "      <td>0.032231</td>\n",
       "      <td>0.086794</td>\n",
       "      <td>0.116719</td>\n",
       "      <td>0.055958</td>\n",
       "      <td>0.322130</td>\n",
       "      <td>0.283295</td>\n",
       "      <td>0.450577</td>\n",
       "      <td>0.403951</td>\n",
       "    </tr>\n",
       "    <tr>\n",
       "      <th>ChestPainType_ASY</th>\n",
       "      <td>0.166607</td>\n",
       "      <td>0.183876</td>\n",
       "      <td>0.048824</td>\n",
       "      <td>0.120531</td>\n",
       "      <td>0.131176</td>\n",
       "      <td>0.354963</td>\n",
       "      <td>0.430034</td>\n",
       "      <td>0.280026</td>\n",
       "      <td>1.000000</td>\n",
       "      <td>0.522432</td>\n",
       "      <td>0.577670</td>\n",
       "      <td>0.249003</td>\n",
       "      <td>0.002289</td>\n",
       "      <td>0.063606</td>\n",
       "      <td>0.076438</td>\n",
       "      <td>0.103407</td>\n",
       "      <td>0.303645</td>\n",
       "      <td>0.359443</td>\n",
       "      <td>0.516716</td>\n",
       "    </tr>\n",
       "    <tr>\n",
       "      <th>ChestPainType_ATA</th>\n",
       "      <td>0.218165</td>\n",
       "      <td>0.161522</td>\n",
       "      <td>0.046153</td>\n",
       "      <td>0.150954</td>\n",
       "      <td>0.140514</td>\n",
       "      <td>0.253735</td>\n",
       "      <td>0.300365</td>\n",
       "      <td>0.262124</td>\n",
       "      <td>0.522432</td>\n",
       "      <td>1.000000</td>\n",
       "      <td>0.256767</td>\n",
       "      <td>0.110679</td>\n",
       "      <td>0.085791</td>\n",
       "      <td>0.107941</td>\n",
       "      <td>0.046111</td>\n",
       "      <td>0.097754</td>\n",
       "      <td>0.304667</td>\n",
       "      <td>0.357588</td>\n",
       "      <td>0.401924</td>\n",
       "    </tr>\n",
       "    <tr>\n",
       "      <th>ChestPainType_NAP</th>\n",
       "      <td>0.011335</td>\n",
       "      <td>0.066486</td>\n",
       "      <td>0.041348</td>\n",
       "      <td>0.006634</td>\n",
       "      <td>0.039249</td>\n",
       "      <td>0.134580</td>\n",
       "      <td>0.166030</td>\n",
       "      <td>0.106212</td>\n",
       "      <td>0.577670</td>\n",
       "      <td>0.256767</td>\n",
       "      <td>1.000000</td>\n",
       "      <td>0.122381</td>\n",
       "      <td>0.035299</td>\n",
       "      <td>0.005010</td>\n",
       "      <td>0.042236</td>\n",
       "      <td>0.040816</td>\n",
       "      <td>0.072031</td>\n",
       "      <td>0.093583</td>\n",
       "      <td>0.212964</td>\n",
       "    </tr>\n",
       "    <tr>\n",
       "      <th>ChestPainType_TA</th>\n",
       "      <td>0.032042</td>\n",
       "      <td>0.004031</td>\n",
       "      <td>0.049855</td>\n",
       "      <td>0.017365</td>\n",
       "      <td>0.026885</td>\n",
       "      <td>0.100025</td>\n",
       "      <td>0.128105</td>\n",
       "      <td>0.032231</td>\n",
       "      <td>0.249003</td>\n",
       "      <td>0.110679</td>\n",
       "      <td>0.122381</td>\n",
       "      <td>1.000000</td>\n",
       "      <td>0.081407</td>\n",
       "      <td>0.057719</td>\n",
       "      <td>0.011611</td>\n",
       "      <td>0.016651</td>\n",
       "      <td>0.010486</td>\n",
       "      <td>0.002087</td>\n",
       "      <td>0.054790</td>\n",
       "    </tr>\n",
       "    <tr>\n",
       "      <th>RestingECG_LVH</th>\n",
       "      <td>0.145727</td>\n",
       "      <td>0.049518</td>\n",
       "      <td>0.053166</td>\n",
       "      <td>0.177077</td>\n",
       "      <td>0.011656</td>\n",
       "      <td>0.125793</td>\n",
       "      <td>0.016382</td>\n",
       "      <td>0.086794</td>\n",
       "      <td>0.002289</td>\n",
       "      <td>0.085791</td>\n",
       "      <td>0.035299</td>\n",
       "      <td>0.081407</td>\n",
       "      <td>1.000000</td>\n",
       "      <td>0.623227</td>\n",
       "      <td>0.248892</td>\n",
       "      <td>0.043755</td>\n",
       "      <td>0.015091</td>\n",
       "      <td>0.037582</td>\n",
       "      <td>0.010670</td>\n",
       "    </tr>\n",
       "    <tr>\n",
       "      <th>RestingECG_Normal</th>\n",
       "      <td>0.230566</td>\n",
       "      <td>0.010634</td>\n",
       "      <td>0.116851</td>\n",
       "      <td>0.038470</td>\n",
       "      <td>0.093028</td>\n",
       "      <td>0.023801</td>\n",
       "      <td>0.072924</td>\n",
       "      <td>0.116719</td>\n",
       "      <td>0.063606</td>\n",
       "      <td>0.107941</td>\n",
       "      <td>0.005010</td>\n",
       "      <td>0.057719</td>\n",
       "      <td>0.623227</td>\n",
       "      <td>1.000000</td>\n",
       "      <td>0.602314</td>\n",
       "      <td>0.060564</td>\n",
       "      <td>0.047172</td>\n",
       "      <td>0.078563</td>\n",
       "      <td>0.091580</td>\n",
       "    </tr>\n",
       "    <tr>\n",
       "      <th>RestingECG_ST</th>\n",
       "      <td>0.136798</td>\n",
       "      <td>0.063715</td>\n",
       "      <td>0.090447</td>\n",
       "      <td>0.133106</td>\n",
       "      <td>0.127110</td>\n",
       "      <td>0.157879</td>\n",
       "      <td>0.107036</td>\n",
       "      <td>0.055958</td>\n",
       "      <td>0.076438</td>\n",
       "      <td>0.046111</td>\n",
       "      <td>0.042236</td>\n",
       "      <td>0.011611</td>\n",
       "      <td>0.248892</td>\n",
       "      <td>0.602314</td>\n",
       "      <td>1.000000</td>\n",
       "      <td>0.030345</td>\n",
       "      <td>0.043017</td>\n",
       "      <td>0.058936</td>\n",
       "      <td>0.102527</td>\n",
       "    </tr>\n",
       "    <tr>\n",
       "      <th>ST_Slope_Down</th>\n",
       "      <td>0.138397</td>\n",
       "      <td>0.066036</td>\n",
       "      <td>0.007912</td>\n",
       "      <td>0.083371</td>\n",
       "      <td>0.105102</td>\n",
       "      <td>0.073316</td>\n",
       "      <td>0.136439</td>\n",
       "      <td>0.322130</td>\n",
       "      <td>0.103407</td>\n",
       "      <td>0.097754</td>\n",
       "      <td>0.040816</td>\n",
       "      <td>0.016651</td>\n",
       "      <td>0.043755</td>\n",
       "      <td>0.060564</td>\n",
       "      <td>0.030345</td>\n",
       "      <td>1.000000</td>\n",
       "      <td>0.272040</td>\n",
       "      <td>0.235904</td>\n",
       "      <td>0.122527</td>\n",
       "    </tr>\n",
       "    <tr>\n",
       "      <th>ST_Slope_Flat</th>\n",
       "      <td>0.185568</td>\n",
       "      <td>0.116077</td>\n",
       "      <td>0.099207</td>\n",
       "      <td>0.050953</td>\n",
       "      <td>0.107006</td>\n",
       "      <td>0.342581</td>\n",
       "      <td>0.382237</td>\n",
       "      <td>0.283295</td>\n",
       "      <td>0.303645</td>\n",
       "      <td>0.304667</td>\n",
       "      <td>0.072031</td>\n",
       "      <td>0.010486</td>\n",
       "      <td>0.015091</td>\n",
       "      <td>0.047172</td>\n",
       "      <td>0.043017</td>\n",
       "      <td>0.272040</td>\n",
       "      <td>1.000000</td>\n",
       "      <td>0.870951</td>\n",
       "      <td>0.554134</td>\n",
       "    </tr>\n",
       "    <tr>\n",
       "      <th>ST_Slope_Up</th>\n",
       "      <td>0.258067</td>\n",
       "      <td>0.150942</td>\n",
       "      <td>0.096146</td>\n",
       "      <td>0.094027</td>\n",
       "      <td>0.161730</td>\n",
       "      <td>0.383397</td>\n",
       "      <td>0.455676</td>\n",
       "      <td>0.450577</td>\n",
       "      <td>0.359443</td>\n",
       "      <td>0.357588</td>\n",
       "      <td>0.093583</td>\n",
       "      <td>0.002087</td>\n",
       "      <td>0.037582</td>\n",
       "      <td>0.078563</td>\n",
       "      <td>0.058936</td>\n",
       "      <td>0.235904</td>\n",
       "      <td>0.870951</td>\n",
       "      <td>1.000000</td>\n",
       "      <td>0.622164</td>\n",
       "    </tr>\n",
       "    <tr>\n",
       "      <th>HeartDisease</th>\n",
       "      <td>0.282039</td>\n",
       "      <td>0.305445</td>\n",
       "      <td>0.107589</td>\n",
       "      <td>0.232741</td>\n",
       "      <td>0.267291</td>\n",
       "      <td>0.400421</td>\n",
       "      <td>0.494282</td>\n",
       "      <td>0.403951</td>\n",
       "      <td>0.516716</td>\n",
       "      <td>0.401924</td>\n",
       "      <td>0.212964</td>\n",
       "      <td>0.054790</td>\n",
       "      <td>0.010670</td>\n",
       "      <td>0.091580</td>\n",
       "      <td>0.102527</td>\n",
       "      <td>0.122527</td>\n",
       "      <td>0.554134</td>\n",
       "      <td>0.622164</td>\n",
       "      <td>1.000000</td>\n",
       "    </tr>\n",
       "  </tbody>\n",
       "</table>\n",
       "</div>"
      ],
      "text/plain": [
       "                        Age       Sex  RestingBP  Cholesterol  FastingBS  \\\n",
       "Age                1.000000  0.055750   0.254399     0.095282   0.198039   \n",
       "Sex                0.055750  1.000000   0.005133     0.200092   0.120076   \n",
       "RestingBP          0.254399  0.005133   1.000000     0.100893   0.070193   \n",
       "Cholesterol        0.095282  0.200092   0.100893     1.000000   0.260974   \n",
       "FastingBS          0.198039  0.120076   0.070193     0.260974   1.000000   \n",
       "MaxHR              0.382045  0.189186   0.112135     0.235792   0.131438   \n",
       "ExerciseAngina     0.215793  0.190664   0.155101     0.034166   0.060451   \n",
       "Oldpeak            0.258612  0.105734   0.164803     0.050148   0.052698   \n",
       "ChestPainType_ASY  0.166607  0.183876   0.048824     0.120531   0.131176   \n",
       "ChestPainType_ATA  0.218165  0.161522   0.046153     0.150954   0.140514   \n",
       "ChestPainType_NAP  0.011335  0.066486   0.041348     0.006634   0.039249   \n",
       "ChestPainType_TA   0.032042  0.004031   0.049855     0.017365   0.026885   \n",
       "RestingECG_LVH     0.145727  0.049518   0.053166     0.177077   0.011656   \n",
       "RestingECG_Normal  0.230566  0.010634   0.116851     0.038470   0.093028   \n",
       "RestingECG_ST      0.136798  0.063715   0.090447     0.133106   0.127110   \n",
       "ST_Slope_Down      0.138397  0.066036   0.007912     0.083371   0.105102   \n",
       "ST_Slope_Flat      0.185568  0.116077   0.099207     0.050953   0.107006   \n",
       "ST_Slope_Up        0.258067  0.150942   0.096146     0.094027   0.161730   \n",
       "HeartDisease       0.282039  0.305445   0.107589     0.232741   0.267291   \n",
       "\n",
       "                      MaxHR  ExerciseAngina   Oldpeak  ChestPainType_ASY  \\\n",
       "Age                0.382045        0.215793  0.258612           0.166607   \n",
       "Sex                0.189186        0.190664  0.105734           0.183876   \n",
       "RestingBP          0.112135        0.155101  0.164803           0.048824   \n",
       "Cholesterol        0.235792        0.034166  0.050148           0.120531   \n",
       "FastingBS          0.131438        0.060451  0.052698           0.131176   \n",
       "MaxHR              1.000000        0.370425  0.160691           0.354963   \n",
       "ExerciseAngina     0.370425        1.000000  0.408752           0.430034   \n",
       "Oldpeak            0.160691        0.408752  1.000000           0.280026   \n",
       "ChestPainType_ASY  0.354963        0.430034  0.280026           1.000000   \n",
       "ChestPainType_ATA  0.253735        0.300365  0.262124           0.522432   \n",
       "ChestPainType_NAP  0.134580        0.166030  0.106212           0.577670   \n",
       "ChestPainType_TA   0.100025        0.128105  0.032231           0.249003   \n",
       "RestingECG_LVH     0.125793        0.016382  0.086794           0.002289   \n",
       "RestingECG_Normal  0.023801        0.072924  0.116719           0.063606   \n",
       "RestingECG_ST      0.157879        0.107036  0.055958           0.076438   \n",
       "ST_Slope_Down      0.073316        0.136439  0.322130           0.103407   \n",
       "ST_Slope_Flat      0.342581        0.382237  0.283295           0.303645   \n",
       "ST_Slope_Up        0.383397        0.455676  0.450577           0.359443   \n",
       "HeartDisease       0.400421        0.494282  0.403951           0.516716   \n",
       "\n",
       "                   ChestPainType_ATA  ChestPainType_NAP  ChestPainType_TA  \\\n",
       "Age                         0.218165           0.011335          0.032042   \n",
       "Sex                         0.161522           0.066486          0.004031   \n",
       "RestingBP                   0.046153           0.041348          0.049855   \n",
       "Cholesterol                 0.150954           0.006634          0.017365   \n",
       "FastingBS                   0.140514           0.039249          0.026885   \n",
       "MaxHR                       0.253735           0.134580          0.100025   \n",
       "ExerciseAngina              0.300365           0.166030          0.128105   \n",
       "Oldpeak                     0.262124           0.106212          0.032231   \n",
       "ChestPainType_ASY           0.522432           0.577670          0.249003   \n",
       "ChestPainType_ATA           1.000000           0.256767          0.110679   \n",
       "ChestPainType_NAP           0.256767           1.000000          0.122381   \n",
       "ChestPainType_TA            0.110679           0.122381          1.000000   \n",
       "RestingECG_LVH              0.085791           0.035299          0.081407   \n",
       "RestingECG_Normal           0.107941           0.005010          0.057719   \n",
       "RestingECG_ST               0.046111           0.042236          0.011611   \n",
       "ST_Slope_Down               0.097754           0.040816          0.016651   \n",
       "ST_Slope_Flat               0.304667           0.072031          0.010486   \n",
       "ST_Slope_Up                 0.357588           0.093583          0.002087   \n",
       "HeartDisease                0.401924           0.212964          0.054790   \n",
       "\n",
       "                   RestingECG_LVH  RestingECG_Normal  RestingECG_ST  \\\n",
       "Age                      0.145727           0.230566       0.136798   \n",
       "Sex                      0.049518           0.010634       0.063715   \n",
       "RestingBP                0.053166           0.116851       0.090447   \n",
       "Cholesterol              0.177077           0.038470       0.133106   \n",
       "FastingBS                0.011656           0.093028       0.127110   \n",
       "MaxHR                    0.125793           0.023801       0.157879   \n",
       "ExerciseAngina           0.016382           0.072924       0.107036   \n",
       "Oldpeak                  0.086794           0.116719       0.055958   \n",
       "ChestPainType_ASY        0.002289           0.063606       0.076438   \n",
       "ChestPainType_ATA        0.085791           0.107941       0.046111   \n",
       "ChestPainType_NAP        0.035299           0.005010       0.042236   \n",
       "ChestPainType_TA         0.081407           0.057719       0.011611   \n",
       "RestingECG_LVH           1.000000           0.623227       0.248892   \n",
       "RestingECG_Normal        0.623227           1.000000       0.602314   \n",
       "RestingECG_ST            0.248892           0.602314       1.000000   \n",
       "ST_Slope_Down            0.043755           0.060564       0.030345   \n",
       "ST_Slope_Flat            0.015091           0.047172       0.043017   \n",
       "ST_Slope_Up              0.037582           0.078563       0.058936   \n",
       "HeartDisease             0.010670           0.091580       0.102527   \n",
       "\n",
       "                   ST_Slope_Down  ST_Slope_Flat  ST_Slope_Up  HeartDisease  \n",
       "Age                     0.138397       0.185568     0.258067      0.282039  \n",
       "Sex                     0.066036       0.116077     0.150942      0.305445  \n",
       "RestingBP               0.007912       0.099207     0.096146      0.107589  \n",
       "Cholesterol             0.083371       0.050953     0.094027      0.232741  \n",
       "FastingBS               0.105102       0.107006     0.161730      0.267291  \n",
       "MaxHR                   0.073316       0.342581     0.383397      0.400421  \n",
       "ExerciseAngina          0.136439       0.382237     0.455676      0.494282  \n",
       "Oldpeak                 0.322130       0.283295     0.450577      0.403951  \n",
       "ChestPainType_ASY       0.103407       0.303645     0.359443      0.516716  \n",
       "ChestPainType_ATA       0.097754       0.304667     0.357588      0.401924  \n",
       "ChestPainType_NAP       0.040816       0.072031     0.093583      0.212964  \n",
       "ChestPainType_TA        0.016651       0.010486     0.002087      0.054790  \n",
       "RestingECG_LVH          0.043755       0.015091     0.037582      0.010670  \n",
       "RestingECG_Normal       0.060564       0.047172     0.078563      0.091580  \n",
       "RestingECG_ST           0.030345       0.043017     0.058936      0.102527  \n",
       "ST_Slope_Down           1.000000       0.272040     0.235904      0.122527  \n",
       "ST_Slope_Flat           0.272040       1.000000     0.870951      0.554134  \n",
       "ST_Slope_Up             0.235904       0.870951     1.000000      0.622164  \n",
       "HeartDisease            0.122527       0.554134     0.622164      1.000000  "
      ]
     },
     "execution_count": 5,
     "metadata": {},
     "output_type": "execute_result"
    }
   ],
   "source": [
    "abs ( df.corr() )"
   ]
  },
  {
   "cell_type": "markdown",
   "id": "b68c1040",
   "metadata": {},
   "source": [
    "# Correlation between features."
   ]
  },
  {
   "cell_type": "code",
   "execution_count": 6,
   "id": "e47464f0",
   "metadata": {
    "scrolled": true
   },
   "outputs": [
    {
     "name": "stdout",
     "output_type": "stream",
     "text": [
      "ExerciseAngina and Sex : 0.3820446750319701 \n",
      "Oldpeak and ExerciseAngina : 0.37042486722649476 \n",
      "ChestPainType_ASY and Oldpeak : 0.4087524962730173 \n",
      "ChestPainType_ATA and ExerciseAngina : 0.3549627356383994 \n",
      "ChestPainType_ATA and Oldpeak : 0.4300342711323085 \n",
      "ChestPainType_NAP and Oldpeak : 0.30036469515555886 \n",
      "ChestPainType_NAP and ChestPainType_ATA : 0.522431708251491 \n",
      "ChestPainType_TA and ChestPainType_ATA : 0.577669729725131 \n",
      "RestingECG_ST and RestingECG_Normal : 0.6232273311644417 \n",
      "ST_Slope_Down and RestingECG_ST : 0.6023142490309634 \n",
      "ST_Slope_Flat and ChestPainType_ASY : 0.3221297733922791 \n",
      "ST_Slope_Up and ExerciseAngina : 0.34258082417660096 \n",
      "ST_Slope_Up and Oldpeak : 0.382236961183046 \n",
      "ST_Slope_Up and ChestPainType_ATA : 0.30364548968106175 \n",
      "ST_Slope_Up and ChestPainType_NAP : 0.3046670434600787 \n",
      "HeartDisease and ExerciseAngina : 0.3833965588476723 \n",
      "HeartDisease and Oldpeak : 0.45567613953752395 \n",
      "HeartDisease and ChestPainType_ASY : 0.45057690511989035 \n",
      "HeartDisease and ChestPainType_ATA : 0.35944287547022896 \n",
      "HeartDisease and ChestPainType_NAP : 0.357587918462214 \n",
      "HeartDisease and ST_Slope_Up : 0.8709513170178301 \n"
     ]
    }
   ],
   "source": [
    "# Parsing the correlation table and selecting the features with highest correlations between them.  \n",
    "#  > 0.4 corr() \n",
    "for i in range (df.shape[1] - 1):\n",
    "    for j in range(i):\n",
    "        if abs ( df.corr().values[i][j] ) > 0.3:\n",
    "            print(f'{df.columns[i + 1 ]} and {df.columns[j + 1 ]} : { abs (df.corr().values[i][j] ) } ')"
   ]
  },
  {
   "cell_type": "markdown",
   "id": "7c9c38f9",
   "metadata": {},
   "source": [
    "#### 1. (MaxHR and Sex)  A woman's heart pumps faster than a man's, but a man's heart ejects more blood with each pump \n",
    "#### 2. ( MaxHR and ExerciseAngina ) Target heart rate angina. Heart rate control is the first and most important step in order to achieve symptomatic control in patients with stable angina. A target heart rate is 55–60 beats per minute (bpm) \n",
    "#### 3. (Oldpeak and Exercise Angina)  Oldpeak means Exercise relative to rest. \n",
    "#### 4.  (Chestpain and Angina) Angina is a type of chest pain caused by reduced blood flow to the heart.  \n",
    "#### 5.   The ST segment shift relative to exercise-induced increments in heart rate, the ST/heart rate slope ( slope), has been proposed as a more accurate ECG criterion for diagnosing significant coronary artery disease (CAD) which can have sympthoms as angina, chestpain."
   ]
  },
  {
   "cell_type": "markdown",
   "id": "0003f641",
   "metadata": {},
   "source": [
    "# Creating a new dataframe with most correlated features to the target column \n",
    "# corr() > 0.3"
   ]
  },
  {
   "cell_type": "code",
   "execution_count": 7,
   "id": "d4496a49",
   "metadata": {},
   "outputs": [],
   "source": [
    "#initializing df's index array with highest correlations to the target column\n",
    "index_cor_arr = list()\n",
    "\n",
    "\n",
    "for i in range (df.shape[1] - 1 ):\n",
    "    # each time assigning   val with  column's correlated value to the HeartDisease's index \n",
    "    val =   df.corr().values[ df.shape[1] - 2 ][i]  \n",
    "    val = abs(val) \n",
    "    #comparing the val and storing the column's indexes in a list\n",
    "    if val > 0.3:\n",
    "        index_cor_arr.append(i)  \n",
    "\n",
    "#Initializing a dataframe with correlated values ( corr coef is > 0.2 )  \n",
    "df2 = pd.DataFrame({  \n",
    "    \n",
    "    # The column's names are taken from df and they are being assigned the values from df too, all in a loop.  \n",
    "    f'{df.columns[ index_cor_arr[i] + 1 ] }' :  df[f'{ df.columns[ index_cor_arr[i] + 1  ] }'] for i in range ( len(index_cor_arr)  ) \n",
    "    \n",
    "            })"
   ]
  },
  {
   "cell_type": "code",
   "execution_count": 8,
   "id": "dff9fb1e",
   "metadata": {
    "scrolled": true
   },
   "outputs": [
    {
     "data": {
      "text/html": [
       "<div>\n",
       "<style scoped>\n",
       "    .dataframe tbody tr th:only-of-type {\n",
       "        vertical-align: middle;\n",
       "    }\n",
       "\n",
       "    .dataframe tbody tr th {\n",
       "        vertical-align: top;\n",
       "    }\n",
       "\n",
       "    .dataframe thead th {\n",
       "        text-align: right;\n",
       "    }\n",
       "</style>\n",
       "<table border=\"1\" class=\"dataframe\">\n",
       "  <thead>\n",
       "    <tr style=\"text-align: right;\">\n",
       "      <th></th>\n",
       "      <th>ExerciseAngina</th>\n",
       "      <th>Oldpeak</th>\n",
       "      <th>ChestPainType_ASY</th>\n",
       "      <th>ChestPainType_ATA</th>\n",
       "      <th>ChestPainType_NAP</th>\n",
       "      <th>ST_Slope_Up</th>\n",
       "      <th>HeartDisease</th>\n",
       "    </tr>\n",
       "  </thead>\n",
       "  <tbody>\n",
       "    <tr>\n",
       "      <th>ExerciseAngina</th>\n",
       "      <td>1.000000</td>\n",
       "      <td>0.408752</td>\n",
       "      <td>0.430034</td>\n",
       "      <td>0.300365</td>\n",
       "      <td>0.166030</td>\n",
       "      <td>0.455676</td>\n",
       "      <td>0.494282</td>\n",
       "    </tr>\n",
       "    <tr>\n",
       "      <th>Oldpeak</th>\n",
       "      <td>0.408752</td>\n",
       "      <td>1.000000</td>\n",
       "      <td>0.280026</td>\n",
       "      <td>0.262124</td>\n",
       "      <td>0.106212</td>\n",
       "      <td>0.450577</td>\n",
       "      <td>0.403951</td>\n",
       "    </tr>\n",
       "    <tr>\n",
       "      <th>ChestPainType_ASY</th>\n",
       "      <td>0.430034</td>\n",
       "      <td>0.280026</td>\n",
       "      <td>1.000000</td>\n",
       "      <td>0.522432</td>\n",
       "      <td>0.577670</td>\n",
       "      <td>0.359443</td>\n",
       "      <td>0.516716</td>\n",
       "    </tr>\n",
       "    <tr>\n",
       "      <th>ChestPainType_ATA</th>\n",
       "      <td>0.300365</td>\n",
       "      <td>0.262124</td>\n",
       "      <td>0.522432</td>\n",
       "      <td>1.000000</td>\n",
       "      <td>0.256767</td>\n",
       "      <td>0.357588</td>\n",
       "      <td>0.401924</td>\n",
       "    </tr>\n",
       "    <tr>\n",
       "      <th>ChestPainType_NAP</th>\n",
       "      <td>0.166030</td>\n",
       "      <td>0.106212</td>\n",
       "      <td>0.577670</td>\n",
       "      <td>0.256767</td>\n",
       "      <td>1.000000</td>\n",
       "      <td>0.093583</td>\n",
       "      <td>0.212964</td>\n",
       "    </tr>\n",
       "    <tr>\n",
       "      <th>ST_Slope_Up</th>\n",
       "      <td>0.455676</td>\n",
       "      <td>0.450577</td>\n",
       "      <td>0.359443</td>\n",
       "      <td>0.357588</td>\n",
       "      <td>0.093583</td>\n",
       "      <td>1.000000</td>\n",
       "      <td>0.622164</td>\n",
       "    </tr>\n",
       "    <tr>\n",
       "      <th>HeartDisease</th>\n",
       "      <td>0.494282</td>\n",
       "      <td>0.403951</td>\n",
       "      <td>0.516716</td>\n",
       "      <td>0.401924</td>\n",
       "      <td>0.212964</td>\n",
       "      <td>0.622164</td>\n",
       "      <td>1.000000</td>\n",
       "    </tr>\n",
       "  </tbody>\n",
       "</table>\n",
       "</div>"
      ],
      "text/plain": [
       "                   ExerciseAngina   Oldpeak  ChestPainType_ASY  \\\n",
       "ExerciseAngina           1.000000  0.408752           0.430034   \n",
       "Oldpeak                  0.408752  1.000000           0.280026   \n",
       "ChestPainType_ASY        0.430034  0.280026           1.000000   \n",
       "ChestPainType_ATA        0.300365  0.262124           0.522432   \n",
       "ChestPainType_NAP        0.166030  0.106212           0.577670   \n",
       "ST_Slope_Up              0.455676  0.450577           0.359443   \n",
       "HeartDisease             0.494282  0.403951           0.516716   \n",
       "\n",
       "                   ChestPainType_ATA  ChestPainType_NAP  ST_Slope_Up  \\\n",
       "ExerciseAngina              0.300365           0.166030     0.455676   \n",
       "Oldpeak                     0.262124           0.106212     0.450577   \n",
       "ChestPainType_ASY           0.522432           0.577670     0.359443   \n",
       "ChestPainType_ATA           1.000000           0.256767     0.357588   \n",
       "ChestPainType_NAP           0.256767           1.000000     0.093583   \n",
       "ST_Slope_Up                 0.357588           0.093583     1.000000   \n",
       "HeartDisease                0.401924           0.212964     0.622164   \n",
       "\n",
       "                   HeartDisease  \n",
       "ExerciseAngina         0.494282  \n",
       "Oldpeak                0.403951  \n",
       "ChestPainType_ASY      0.516716  \n",
       "ChestPainType_ATA      0.401924  \n",
       "ChestPainType_NAP      0.212964  \n",
       "ST_Slope_Up            0.622164  \n",
       "HeartDisease           1.000000  "
      ]
     },
     "execution_count": 8,
     "metadata": {},
     "output_type": "execute_result"
    }
   ],
   "source": [
    "abs ( df2.corr() ) "
   ]
  },
  {
   "cell_type": "markdown",
   "id": "2a141317",
   "metadata": {},
   "source": [
    "### The features in the table represents some logical assumptions about heartDisease and indicators of the disease ( such as slopes)."
   ]
  },
  {
   "cell_type": "markdown",
   "id": "11fc10f2",
   "metadata": {},
   "source": [
    "# Building the models"
   ]
  },
  {
   "cell_type": "code",
   "execution_count": 9,
   "id": "e681ac63",
   "metadata": {},
   "outputs": [],
   "source": [
    "# functions that takes a dataset as input and trains a model on LR\n",
    "def log_r_score(df):\n",
    "    \"\"\"\" \n",
    "    X : independent vars \n",
    "    y : dependent vars   \n",
    "    \n",
    "    \"\"\" \n",
    "    X = df.iloc[:, :-1].values\n",
    "    y = df.iloc[:, -1].values \n",
    "\n",
    "    # Splitting the data in Training set and Testing's\n",
    "    from sklearn.model_selection import train_test_split\n",
    "    X_train, X_test, y_train, y_test = train_test_split(X, y, test_size = 0.25, random_state = 0) \n",
    "\n",
    "    # Fitting the data in the Log_R model\n",
    "    from sklearn.linear_model import LogisticRegression\n",
    "    classifier = LogisticRegression(random_state = 0)\n",
    "    classifier.fit(X_train, y_train)\n",
    "\n",
    "    # Predicting \n",
    "    y_pred = classifier.predict(X_test)   \n",
    "    \n",
    "    # Printing the confusion matrix and accuracy of the model\n",
    "    from sklearn.metrics import confusion_matrix, accuracy_score\n",
    "    cm = confusion_matrix(y_test, y_pred)\n",
    "    print(cm)\n",
    "    print(accuracy_score(y_test, y_pred))"
   ]
  },
  {
   "cell_type": "code",
   "execution_count": 10,
   "id": "60e8e91f",
   "metadata": {},
   "outputs": [
    {
     "name": "stdout",
     "output_type": "stream",
     "text": [
      "[[ 68  24]\n",
      " [ 16 122]]\n",
      "0.8260869565217391\n"
     ]
    }
   ],
   "source": [
    "# All the features \n",
    "log_r_score(df)"
   ]
  },
  {
   "cell_type": "code",
   "execution_count": 11,
   "id": "0b0ab80d",
   "metadata": {},
   "outputs": [
    {
     "name": "stdout",
     "output_type": "stream",
     "text": [
      "[[ 68  24]\n",
      " [ 28 110]]\n",
      "0.7739130434782608\n"
     ]
    }
   ],
   "source": [
    "# Highest correlated features\n",
    "log_r_score(df2)"
   ]
  },
  {
   "cell_type": "markdown",
   "id": "c6cf29c3",
   "metadata": {},
   "source": [
    "# Conclusion: \n",
    "### 1.  The 2nd model, on highest correlated sample,  is theoretically faster and smaller in size but less accurate. As we can observe, there is a precision/accuracy difference of  just 0.5.   \n",
    "### 2. By the confusion matrix, both models got the same incorrect score that a person have   heart dissease. And the second one predicted incorrectly more situations where persons do not have heart dissease. \n",
    "### 3.  Well, this example demonstrates the dylema of a ML engineer:   a faster model with less accuracy OR a slower one with more precision ?  \n",
    "#### In this case, for the sake of medicine, would totally go with the 1st model.\n"
   ]
  }
 ],
 "metadata": {
  "kernelspec": {
   "display_name": "Python 3 (ipykernel)",
   "language": "python",
   "name": "python3"
  },
  "language_info": {
   "codemirror_mode": {
    "name": "ipython",
    "version": 3
   },
   "file_extension": ".py",
   "mimetype": "text/x-python",
   "name": "python",
   "nbconvert_exporter": "python",
   "pygments_lexer": "ipython3",
   "version": "3.7.9"
  }
 },
 "nbformat": 4,
